0
281
0
11
0
240
0
207
0
124
0
243
0
126
0
278
0
110
0
161
0
297
0
262
0
175
1
245
1
90
1
139
1
207
1
97
1
116
1
68
1
81
1
193
1
231
1
25
1
257
1
98
1
106
1
176
1
207
1
31
1
266
1
54
1
144
1
52
1
51
1
83
1
223
2
84
2
33
2
126
2
131
2
44
2
141
2
251
2
298
2
132
2
173
2
127
2
134
2
90
2
172
2
269
2
77
2
1
2
269
2
178
2
253
2
249
2
226
2
53
3
176
3
156
3
71
3
298
3
171
3
72
3
182
3
202
3
245
3
290
3
120
3
202
3
215
3
259
3
267
3
72
3
80
3
265
3
184
3
201
3
267
3
213
4
90
4
276
4
219
4
107
4
31
4
146
4
159
4
166
4
73
4
169
4
144
4
190
4
133
4
145
4
141
4
175
4
154
4
216
4
182
5
145
5
150
5
218
5
54
5
154
5
218
5
211
5
231
5
139
5
114
5
273
5
284
5
252
5
295
5
152
5
241
5
290
5
191
6
47
6
2
6
35
6
239
6
126
6
46
6
103
6
112
6
245
6
274
6
21
6
181
6
81
6
188
6
225
6
81
6
36
6
156
6
30
6
109
6
71
6
288
7
291
7
3
7
130
7
210
7
128
7
23
7
166
7
150
7
12
7
130
7
72
7
153
7
38
7
93
7
289
7
169
7
230
8
247
8
202
8
152
8
19
8
230
8
245
8
226
8
102
8
42
8
33
8
138
8
149
8
184
8
284
8
26
8
120
8
79
8
291
8
85
8
165
8
203
9
238
9
249
9
83
9
230
9
258
9
97
9
175
9
90
9
219
9
170
9
122
9
146
9
0
9
261
9
89
9
175
9
151
9
204
9
142
9
135
9
216
